30, 
0, 
-1, 
48, 
27, 
36, 
84, 
52, 
49, 
95, 
71, 
76, 
120, 
83, 
75, 
117, 
87, 
87, 
125, 
83, 
70, 
106, 
71, 
65, 
99, 
52, 
34, 
66, 
27, 
18, 
49, 
0, 
-20, 
10, 
-29, 
-38, 
-7, 
-56, 
-74, 
-42, 
-79, 
-85, 
-51, 
-96, 
-110, 
-73, 
-105, 
-107, 
-67, 
-107, 
-115, 
-73, 
-100, 
-96, 
-51, 
-85, 
-89, 
-42, 
-64, 
-56, 
-7, 
-38, 
-39, 
10, 
-10, 
0, 
49, 
18, 
17, 
66, 
44, 
52, 
99, 
65, 
61, 
106, 
80, 
83, 
125, 
87, 
77, 
117, 
85, 
83, 
120, 
76, 
61, 
95, 
59, 
52, 
84, 
36, 
17, 
48, 
9, 
0, 
30, 
-20, 
-39, 
-8, 
-47, 
-56, 
-24, 
-72, 
-89, 
-55, 
-91, 
-96, 
-60, 
-103, 
-115, 
-77, 
-107, 
-107, 
-65, 
-103, 
-110, 
-66, 
-91, 
-85, 
-39, 
-72, 
-74, 
-26, 
-47, 
-38, 
11, 
-20, 
-20, 
30, 
9, 
18, 
67, 
36, 
34, 
82, 
59, 
65, 
111, 
76, 
70, 
113, 
85, 
87, 
127, 
87, 
75, 
113, 
80, 
76, 
111, 
65, 
49, 
82, 
44, 
36, 
67, 
18, 
-1, 
30, 
-10, 
-20, 
11, 
-38, 
-57, 
-26, 
-64, 
-72, 
-39, 
-85, 
-101, 
-66, 
-100, 
-103, 
-65, 
-107, 
-117, 
-77, 
-105, 
-103, 
-60, 
-96, 
-101, 
-55, 
-79, 
-72, 
-24, 
-56, 
-57, 
-8, 
-29, 
-20, 
30, 
0, 
-1, 
48, 
27, 
36, 
84, 
52, 
49, 
95, 
71, 
76, 
120, 
83, 
75, 
117, 
87, 
87, 
125, 
83, 
70, 
106, 
71, 
65, 
99, 
52, 
34, 
66, 
27, 
18, 
49, 
0, 
-20, 
10, 
-29, 
-38, 
-7, 
-56, 
-74, 
-42, 
-79, 
-85, 
-51, 
-96, 
-110, 
-73, 
-105, 
-107, 
-67, 
-107, 
-115, 
-73, 
-100, 
-96, 
-51, 
-85, 
-89, 
-42, 
-64, 
-56, 
-7, 
-38, 
-39, 
10, 
-10, 
0, 
49, 
18, 
17, 
66, 
44, 
52, 
99, 
65, 
61, 
106, 
80, 
83, 
125, 
87, 
77, 
117, 
85, 
83, 
120, 
76, 
61, 
95, 
59, 
52, 
84, 
36, 
17, 
48, 
9, 
0, 
30, 
-20, 
-39, 
-8, 
-47, 
-56, 
-24, 
-72, 
-89, 
-55, 
-91, 
-96, 
-60, 
-103, 
-115, 
-77, 
-107, 
-107, 
-65, 
-103, 
-110, 
-66, 
-91, 
-85, 
-39, 
-72, 
-74, 
-26, 
-47, 
-38, 
11, 
-20, 
-20, 
30, 
9, 
18, 
67, 
36, 
34, 
82, 
59, 
65, 
111, 
76, 
70, 
113, 
85, 
87, 
127, 
87, 
75, 
113, 
80, 
76, 
111, 
65, 
49, 
82, 
44, 
36, 
67, 
18, 
-1, 
30, 
-10, 
-20, 
11, 
-38, 
-57, 
-26, 
-64, 
-72, 
-39, 
-85, 
-101, 
-66, 
-100, 
-103, 
-65, 
-107, 
-117, 
-77, 
-105, 
-103, 
-60, 
-96, 
-101, 
-55, 
-79, 
-72, 
-24, 
-56, 
-57, 
-8, 
-29, 
-20, 
30, 
0, 
-1, 
48, 
27, 
36, 
84, 
52, 
49, 
95, 
71, 
76, 
120, 
83, 
75, 
117, 
87, 
87, 
125, 
83, 
70, 
106, 
71, 
65, 
99, 
52, 
34, 
66, 
27, 
18, 
49, 
0, 
-20, 
10, 
-29, 
-38, 
-7, 
-56, 
-74, 
-42, 
-79, 
-85, 
-51, 
-96, 
-110, 
-73, 
-105, 
-107, 
-67, 
-107, 
-115, 
-73, 
-100, 
-96, 
-51, 
-85, 
-89, 
-42, 
-64, 
-56, 
-7, 
-38, 
-39, 
10, 
-10, 
0, 
49, 
18, 
17, 
66, 
44, 
52, 
99, 
65, 
61, 
106, 
80, 
83, 
125, 
87, 
77, 
117, 
85, 
83, 
120, 
76, 
61, 
95, 
59, 
52, 
84, 
36, 
17, 
48, 
9, 
0, 
30, 
-20, 
-39, 
-8, 
-47, 
-56, 
-24, 
-72, 
-89, 
-55, 
-91, 
-96, 
-60, 
-103, 
-115, 
-77, 
-107, 
-107, 
-65, 
-103, 
-110, 
-66, 
-91, 
-85, 
-39, 
-72, 
-74, 
-26, 
-47, 
-38, 
11, 
-20, 
-20, 
30, 
9, 
18, 
67, 
36, 
34, 
82, 
59, 
65, 
111, 
76, 
70, 
113, 
85, 
87, 
127, 
87, 
75, 
113, 
80, 
76, 
111, 
65, 
49, 
82, 
44, 
36, 
67, 
18, 
-1, 
30, 
-10, 
-20, 
11, 
-38, 
-57, 
-26, 
-64, 
-72, 
-39, 
-85, 
-101, 
-66, 
-100, 
-103, 
-65, 
-107, 
-117, 
-77, 
-105, 
-103, 
-60, 
-96, 
-101, 
-55, 
-79, 
-72, 
-24, 
-56, 
-57, 
-8, 
-29, 
-20, 
30, 
0, 
-1, 
48, 
27, 
36, 
84, 
52, 
49, 
95, 
71, 
76, 
120, 
83, 
75, 
117, 
87, 
87, 
125, 
83, 
70, 
106, 
71, 
65, 
99, 
52, 
34, 
66, 
27, 
18, 
49, 
0, 
-20, 
10, 
-29, 
-38, 
-7, 
-56, 
-74, 
-42, 
-79, 
-85, 
-51, 
-96, 
-110, 
-73, 
-105, 
-107, 
-67, 
-107, 
-115, 
-73, 
-100, 
-96, 
-51, 
-85, 
-89, 
-42, 
-64, 
-56, 
-7, 
-38, 
-39, 
10
